2.234246505917043546e-01,3.089402628159086395e-01,7.995450623834099435e-02,7.254211826880269109e-02,3.151384620852433205e-01
2.586909487965372012e-01,2.822962921792954716e-01,7.971042874260231281e-02,6.584865134661098407e-02,3.134536789349540165e-01
2.679363620725519479e-01,2.644191798649921377e-01,8.537219060976136698e-02,5.980087138910154115e-02,3.224713960635930965e-01
2.407735841348207506e-01,2.619672335735816482e-01,9.815950808675114048e-02,5.488624868612000662e-02,3.442134255187265235e-01
1.782957040453401754e-01,2.741729691867093033e-01,1.184915490720068881e-01,5.128618291564683573e-02,3.777535947802967975e-01
1.194062408812705950e-01,2.878285103204535900e-01,1.396711395809922263e-01,4.731918196299234047e-02,4.057749272542912067e-01
1.064220589222878571e-01,2.861653781773408900e-01,1.520377721230992407e-01,4.196649067296121666e-02,4.134083001043107886e-01
9.575268195432344587e-02,2.875339082578746708e-01,1.605183175219666025e-01,3.875093912193450923e-02,4.174441531439008757e-01
7.594985921112815119e-02,2.940794123666842230e-01,1.636522411832904977e-01,3.773343437741270151e-02,4.285850528614845167e-01
7.594985921112815119e-02,2.940794123666842230e-01,1.636522411832904977e-01,3.773343437741270151e-02,4.285850528614845167e-01
7.472615008873247089e-02,3.015739857853435568e-01,1.573713772730690463e-01,3.806555398174631122e-02,4.282629328711085037e-01
9.083439441802697301e-02,3.045279526774202772e-01,1.432861972688740937e-01,3.965545284201837939e-02,4.216960027936603184e-01
1.287965864104528568e-01,3.017144465797680919e-01,1.259683011456691482e-01,4.218976103127890925e-02,4.013309048328310147e-01
1.434309960628076253e-01,3.104899003752195630e-01,1.139659040993691863e-01,4.644515248063021268e-02,3.856680469819735446e-01
1.434309960628076253e-01,3.104899003752195630e-01,1.139659040993691863e-01,4.644515248063021268e-02,3.856680469819735446e-01
2.777763191559412537e-01,2.916034469926248596e-01,8.694008937329504583e-02,4.585905599623919110e-02,2.978210884818996429e-01
1.712013573757336649e-01,3.465007530952090020e-01,9.882268543621618162e-02,5.567349139006046860e-02,3.278017127027807454e-01
2.149965225557817217e-01,3.583970005853421292e-01,8.915462108621044490e-02,5.237971963711316598e-02,2.850721361355524897e-01
2.149965225557817217e-01,3.583970005853421292e-01,8.915462108621044490e-02,5.237971963711316598e-02,2.850721361355524897e-01
3.994386307170999517e-01,2.980888324400061129e-01,6.402492017596828067e-02,3.979102410080161828e-02,1.986565925661239462e-01
4.824827236384300333e-01,2.611301865559683688e-01,5.415022271353378547e-02,3.597995513864105793e-02,1.662569119534267614e-01
4.573500801832467433e-01,2.732048157160700819e-01,5.615589728078750759e-02,4.047351698175252754e-02,1.728156898381430218e-01
3.884939683568717772e-01,3.117822294680782647e-01,6.151132326562008118e-02,4.758628730386266908e-02,1.906261916055672079e-01
3.451361303093615218e-01,3.399605538346928690e-01,6.352271728900010794e-02,5.209081737354250702e-02,1.992897811934031260e-01
3.634264183282406857e-01,3.319095266432279256e-01,6.048451588430098919e-02,5.158843205550719957e-02,1.925911070887232068e-01
3.815027982760448855e-01,3.188763856946817410e-01,5.817448527906306927e-02,5.083294863385372925e-02,1.906133821163567554e-01
3.799251959714621818e-01,3.131445496606706236e-01,5.786304416687414881e-02,5.101999641343647751e-02,1.980472137875565197e-01
3.799251959714621818e-01,3.131445496606706236e-01,5.786304416687414881e-02,5.101999641343647751e-02,1.980472137875565197e-01
3.593773086559780006e-01,3.129010601632428723e-01,5.902228953838105363e-02,5.201766538006809271e-02,2.166816762623298975e-01
3.134499664271532815e-01,3.218977213588435915e-01,6.124990394586851683e-02,5.345293367187049782e-02,2.499494745962641817e-01
2.579712770644517761e-01,3.365469319517704339e-01,6.166208653028525805e-02,5.315143356510312889e-02,2.906682708883894239e-01
2.432609179386318599e-01,3.266815886956215831e-01,5.680141313149715543e-02,4.859539015824314995e-02,3.246606900760061754e-01
2.637463259311173536e-01,3.069042021103671192e-01,4.819614268006425922e-02,4.199942790670013054e-02,3.391539013717511097e-01
3.226983513290289651e-01,2.802689578741173193e-01,3.754549027817928597e-02,3.526990794603973578e-02,3.242172925726347632e-01
3.520764268485598869e-01,2.618204753657340511e-01,3.254263183152295708e-02,3.413098344162623227e-02,3.194294825125568171e-01
2.897140516399764332e-01,2.817038246052047668e-01,3.394123253217719988e-02,4.097836480671857712e-02,3.536625264159231063e-01
1.933496561108555556e-01,3.211843876341569093e-01,3.759097196567551952e-02,5.095044349098588193e-02,3.969245407983262308e-01
2.327412679854555244e-01,3.116614667483583734e-01,3.583753241885813401e-02,5.188368610884533383e-02,3.678760467384826760e-01
2.327412679854555244e-01,3.116614667483583734e-01,3.583753241885813401e-02,5.188368610884533383e-02,3.678760467384826760e-01
3.685806065813969634e-01,2.665657546018846413e-01,2.970367691988644310e-02,4.316643804665221823e-02,2.919835238501797270e-01
4.050346045523631755e-01,2.628398767772243683e-01,2.873781671475975422e-02,3.937706612626446639e-02,2.640106358293882183e-01
3.612042507470766273e-01,2.989266177579931183e-01,3.203014434357879386e-02,3.890489407709882275e-02,2.689340930742527003e-01
3.225971185179957734e-01,3.345035976607712014e-01,3.529972589689518020e-02,3.623725355361975126e-02,2.713623043707180105e-01
3.225971185179957734e-01,3.345035976607712014e-01,3.529972589689518020e-02,3.623725355361975126e-02,2.713623043707180105e-01
3.272217170704786460e-01,3.485215523762541512e-01,3.674686432578708195e-02,3.117637036092932301e-02,2.563334958665507979e-01
3.720810804102548941e-01,3.314722591675374197e-01,3.618774370350778813e-02,2.515756960549579355e-02,2.351013471132040178e-01
3.835100643608840287e-01,3.272663089211358955e-01,3.729422513316573567e-02,2.163042742914173672e-02,2.302989741556725201e-01
3.935606742106822487e-01,3.166785242390256494e-01,3.796103489373493789e-02,1.901315087155587211e-02,2.327866157850011775e-01
3.817305946957645912e-01,3.122276665013225538e-01,3.942828493217402641e-02,1.781679257059314361e-02,2.487966613001456051e-01
3.701154315530472139e-01,2.996440383275656982e-01,4.046891638543684971e-02,1.733558283452625234e-02,2.724360308994240865e-01
3.701154315530472139e-01,2.996440383275656982e-01,4.046891638543684971e-02,1.733558283452625234e-02,2.724360308994240865e-01
3.474029694149447511e-01,2.826032753711581469e-01,4.195741735416710916e-02,1.788876172797075614e-02,3.101475761317591950e-01
2.916866480930495054e-01,2.718641356673072718e-01,4.565278975402056044e-02,2.016697617115612365e-02,3.706294503144665353e-01
2.003115936724362001e-01,2.658799247746675976e-01,5.237479711135846483e-02,2.448337881952234243e-02,4.569503056220153847e-01
1.414857794981821681e-01,2.464065384248253221e-01,5.900465893371787535e-02,2.900670218850441573e-02,5.240963209547704338e-01
9.535833288692316390e-02,2.289980703999622835e-01,6.662242247968923337e-02,3.409419883322575839e-02,5.749269754001996580e-01
9.944563439926736026e-02,2.138214738613672672e-01,7.007295130142073003e-02,3.762891632379935375e-02,5.790310241141454206e-01
1.003172789942369941e-01,2.159521919443961324e-01,7.190836444210904621e-02,4.131636161398584417e-02,5.705058030052718721e-01
1.559200012885259279e-01,2.108571730055773807e-01,6.704955557130080901e-02,4.235467438267627449e-02,5.238185957519196911e-01
2.797195389465922388e-01,2.034873746215120904e-01,5.476482724728039958e-02,3.824516409901197733e-02,4.237830950856031342e-01
3.050427108206150151e-01,2.241225168630274212e-01,5.095487437329793146e-02,3.861503550553629233e-02,3.812648624375234996e-01
1.991098629875013293e-01,2.888980224558765908e-01,5.922888469874747208e-02,4.596005211305819599e-02,4.068031777448164465e-01
2.509778416884300700e-01,3.084302224491380917e-01,5.580519143237179513e-02,4.247296098143152343e-02,3.423137834486285058e-01
4.385424894193676870e-01,2.530711513438529403e-01,4.389663259213710811e-02,3.134052855403193089e-02,2.331491980906102712e-01
4.385424894193676870e-01,2.530711513438529403e-01,4.389663259213710811e-02,3.134052855403193089e-02,2.331491980906102712e-01
5.286488037747357760e-01,2.182151852549792659e-01,4.000893786372626548e-02,2.609805051007765136e-02,1.870290225964810760e-01
5.256051907486986030e-01,2.201166723536582825e-01,4.383601618702283320e-02,2.625998295727337631e-02,1.841821377533469084e-01
4.939252654128572506e-01,2.327112947442932511e-01,4.897330241993964883e-02,2.715750091488131762e-02,1.972326365080284971e-01
4.973952384310340591e-01,2.265334107258862584e-01,5.025960564619424281e-02,2.625446327202432192e-02,1.995572819248611907e-01
5.169109876187344410e-01,2.076370278409947756e-01,4.861973076404228766e-02,2.441485855672723138e-02,2.024173952195012782e-01
5.266114184499685047e-01,1.904319063210572760e-01,4.697923991645711062e-02,2.318015273939505808e-02,2.127972825731221096e-01
5.125765521357762422e-01,1.810633220569056456e-01,4.601872231525160062e-02,2.288587180274486571e-02,2.374555316893217360e-01
4.898852186008669785e-01,1.730319407182507596e-01,4.417413686585617422e-02,2.283497184370128497e-02,2.700737319713246709e-01
4.898852186008669785e-01,1.730319407182507596e-01,4.417413686585617422e-02,2.283497184370128497e-02,2.700737319713246709e-01
4.554243066201568713e-01,1.699727272455476557e-01,4.162350246690212086e-02,2.302117719734239967e-02,3.099582864700508589e-01
3.980861031109544368e-01,1.762089644835505009e-01,3.922426665177438515e-02,2.377367727209674791e-02,3.627069884816240819e-01
3.083943752893855694e-01,1.970459922607144809e-01,3.750242303994628934e-02,2.555989185547787035e-02,4.314973175544757900e-01
2.223989912592791440e-01,2.166541325555038922e-01,3.541796360398981325e-02,2.716495179605341731e-02,4.983639607851736986e-01
1.419078199479200386e-01,2.351347325837470081e-01,3.359599672155375721e-02,2.894905602425213928e-02,5.604123947225270186e-01
1.419078199479200386e-01,2.351347325837470081e-01,3.359599672155375721e-02,2.894905602425213928e-02,5.604123947225270186e-01
1.000285830635672529e-01,2.440925132085924321e-01,3.140538412609750890e-02,3.006607154903539331e-02,5.944074480527075099e-01
5.557068840541613819e-02,2.542718878052287468e-01,3.013274851379088917e-02,3.191407416003443076e-02,6.281106011155297431e-01
4.016289205545717222e-02,2.565790682997257099e-01,2.850304507822700589e-02,3.334623867926863466e-02,6.414087558873214912e-01
4.016289205545717222e-02,2.565790682997257099e-01,2.850304507822700589e-02,3.334623867926863466e-02,6.414087558873214912e-01
3.367989044210757676e-02,2.553041520832181055e-01,2.697869544639154224e-02,3.478814386187305957e-02,6.492491181664096223e-01
2.979528526399368923e-02,2.555792119092174519e-01,2.576722876954396987e-02,3.587150268887304844e-02,6.529867713683719099e-01
3.200519393367644988e-02,2.583607433519167218e-01,2.521469408252318550e-02,3.629070725107706036e-02,6.481286613808066033e-01
3.426670367375575510e-02,2.639006476960313874e-01,2.543883972048246664e-02,3.597925883671242858e-02,6.404145500730179519e-01
3.399318080725246410e-02,2.737165911995514955e-01,2.636626361067697169e-02,3.522672107739937414e-02,6.306972433051196703e-01
3.399318080725246410e-02,2.737165911995514955e-01,2.636626361067697169e-02,3.522672107739937414e-02,6.306972433051196703e-01
3.774641020254843743e-02,2.816102353817015458e-01,2.731188975755025061e-02,3.381432599532294830e-02,6.195171386628767207e-01
3.723425089523874076e-02,2.881958388727917653e-01,2.807672911503827223e-02,3.222637727421905768e-02,6.142668038427121502e-01
3.668970008643689801e-02,2.920018704501493589e-01,2.844500041599821658e-02,3.076045475076410324e-02,6.121029742966515030e-01
3.509076202373607317e-02,2.907879347813405735e-01,2.828107125697068222e-02,2.957149466485779754e-02,6.162687372730948354e-01
3.625307081345915949e-02,2.856104555395652667e-01,2.781587608975020012e-02,2.896269024654192850e-02,6.213579073106834105e-01
3.698914363405950145e-02,2.775412992924137234e-01,2.722294104157488986e-02,2.895970885431888714e-02,6.292869071776329148e-01
3.358675536446494025e-02,2.681322112616503772e-01,2.699324254928318206e-02,2.962590648681003025e-02,6.416618843377914772e-01
3.389671518536888084e-02,2.590637429924863011e-01,2.713584166597201447e-02,3.051013488017708525e-02,6.493935652759956767e-01
3.708752779682537859e-02,2.490323414590953632e-01,2.759924839767975008e-02,3.119693494314650442e-02,6.550839474032530418e-01
3.708752779682537859e-02,2.490323414590953632e-01,2.759924839767975008e-02,3.119693494314650442e-02,6.550839474032530418e-01
3.501830153402436113e-02,2.418355645407646026e-01,2.862442114034072227e-02,3.181904832292675039e-02,6.627026644619435913e-01
3.686041262695999993e-02,2.354857942203860410e-01,2.951332136051239632e-02,3.170461597133211046e-02,6.664358558208094419e-01
3.686041262695999993e-02,2.354857942203860410e-01,2.951332136051239632e-02,3.170461597133211046e-02,6.664358558208094419e-01
3.685194319354821030e-02,2.299910964056064155e-01,3.031250085536595432e-02,3.109640418014471969e-02,6.717480553653346620e-01
3.169108280580835990e-02,2.269708321132526962e-01,3.086491826630100022e-02,3.010343693293596537e-02,6.803697298817019679e-01
3.221611023790255102e-02,2.220956173368986430e-01,3.072625329999214075e-02,2.845791053462915290e-02,6.865041085905775331e-01
3.143979178798128604e-02,2.194340706999256263e-01,3.053482765231481724e-02,2.693394244796572939e-02,6.916573674118124959e-01
3.247975015587324654e-02,2.170091217822642249e-01,3.010349851312575306e-02,2.549280024105746514e-02,6.949148293076792271e-01
2.991783022049383442e-02,2.157830233733372682e-01,2.999381794272202098e-02,2.465674964247959594e-02,6.996485788209672041e-01
2.991783022049383442e-02,2.157830233733372682e-01,2.999381794272202098e-02,2.465674964247959594e-02,6.996485788209672041e-01
3.120210234788163908e-02,2.157656820905463624e-01,3.027946970244593111e-02,2.443014423235091714e-02,6.983226016267750635e-01
2.703473051432923879e-02,2.172109057111010211e-01,3.117953944416420806e-02,2.487445316385926419e-02,6.997003711665461534e-01
2.703473051432923879e-02,2.172109057111010211e-01,3.117953944416420806e-02,2.487445316385926419e-02,6.997003711665461534e-01
2.602511619106620891e-02,2.181223188951721959e-01,3.250766567177449523e-02,2.561697868223262314e-02,6.977279205597545220e-01
2.828979233657128931e-02,2.178913364579520562e-01,3.394958993341162107e-02,2.623159066920987409e-02,6.936376906028551836e-01
3.028243509537562397e-02,2.170208333460983130e-01,3.554168089904509442e-02,2.679509667409087775e-02,6.903599539853900735e-01
2.700686450575762870e-02,2.169050381064862032e-01,3.712098711428453435e-02,2.721280007462899275e-02,6.917543101988425924e-01
2.700686450575762870e-02,2.169050381064862032e-01,3.712098711428453435e-02,2.721280007462899275e-02,6.917543101988425924e-01
3.074535813110884294e-02,2.136010116619316002e-01,3.797262534013530477e-02,2.710577149791945986e-02,6.905752333689046951e-01
3.128609673716599426e-02,2.114792589881972773e-01,3.864072380287308234e-02,2.709913375214146464e-02,6.914947867196221676e-01
3.358739946593994330e-02,2.072885242530819461e-01,3.861687245474954705e-02,2.704308604714625655e-02,6.934641177790822342e-01
3.358739946593994330e-02,2.072885242530819461e-01,3.861687245474954705e-02,2.704308604714625655e-02,6.934641177790822342e-01
2.906707898784173516e-02,2.029911452092307000e-01,3.759918085131893489e-02,2.764697551967957440e-02,7.026956194319290416e-01
2.876094959317026037e-02,2.021575801431509944e-01,3.657626244656903003e-02,2.815085763475752914e-02,7.043543501823521513e-01
2.876094959317026037e-02,2.021575801431509944e-01,3.657626244656903003e-02,2.815085763475752914e-02,7.043543501823521513e-01
3.213520518914635138e-02,2.023855064219702293e-01,3.548860992507124612e-02,2.869374792578400710e-02,7.012969305380282181e-01
4.024705191107971758e-02,2.044995909981383864e-01,3.411698937326267111e-02,2.885112922671335609e-02,6.922852384908058099e-01
5.358733708370248816e-02,2.063327131433779216e-01,3.292600932505861111e-02,2.872091780809938114e-02,6.784330226397615737e-01
5.358733708370248816e-02,2.063327131433779216e-01,3.292600932505861111e-02,2.872091780809938114e-02,6.784330226397615737e-01
6.750993460449736250e-02,2.070385258106615944e-01,3.191431366925413099e-02,2.823043307511850092e-02,6.653067928404683418e-01
6.013066366555435555e-02,2.103705964314059040e-01,3.179186550390871585e-02,2.807717649242534932e-02,6.696296979067056787e-01
6.449129336398655432e-02,2.121699613921453897e-01,3.135809628185626252e-02,2.743059553030398681e-02,6.645500534317076990e-01
6.449129336398655432e-02,2.121699613921453897e-01,3.135809628185626252e-02,2.743059553030398681e-02,6.645500534317076990e-01
1.915810790148675391e-01,1.879390707441080388e-01,2.652307203759140392e-02,2.321136115505439620e-02,5.707454170483785560e-01
4.711502655363960512e-01,1.351285666594199963e-01,1.765478570986750775e-02,1.511408964965288600e-02,3.609522924446634806e-01
4.383447452734773320e-01,1.361004876654261231e-01,2.711626386896317728e-02,2.051417602048359601e-02,3.779243271716498098e-01
4.383447452734773320e-01,1.361004876654261231e-01,2.711626386896317728e-02,2.051417602048359601e-02,3.779243271716498098e-01
4.349194065002300325e-01,1.834649751558402597e-01,4.522867319013312848e-02,2.988812914974795301e-02,3.064988160040487131e-01
6.334160666356266622e-01,1.616315390052341650e-01,3.862612388614328207e-02,2.471679961162856487e-02,1.416094708613672148e-01
5.936546702779720297e-01,1.904665653942087256e-01,5.579036743360903106e-02,3.414393135376164040e-02,1.259444655404485802e-01
5.936546702779720297e-01,1.904665653942087256e-01,5.579036743360903106e-02,3.414393135376164040e-02,1.259444655404485802e-01
4.938932262660178929e-01,2.492667173136168535e-01,8.019211020376117161e-02,4.711571740617904319e-02,1.295322288104248376e-01
4.304187214590540211e-01,2.999179830633139088e-01,9.601628418573378287e-02,5.419726209777538106e-02,1.194497491941227951e-01
4.304187214590540211e-01,2.999179830633139088e-01,9.601628418573378287e-02,5.419726209777538106e-02,1.194497491941227951e-01
4.739899523390269098e-01,2.939608971197573695e-01,9.138612499480881779e-02,4.945772577487923122e-02,9.120529977152772028e-02
5.189095282011499943e-01,2.725992421054490578e-01,8.910269822333501122e-02,4.666026081160033062e-02,7.272827065846565464e-02
4.595809967771744553e-01,3.107316572957063427e-01,1.044465522436415911e-01,5.358177583396893373e-02,7.165901784950869102e-02
3.509090166885520667e-01,3.873681680812982586e-01,1.251752202914002132e-01,6.320756086130212281e-02,7.334003407744739411e-02
3.509090166885520667e-01,3.873681680812982586e-01,1.251752202914002132e-01,6.320756086130212281e-02,7.334003407744739411e-02
3.202664181873308147e-01,4.130945933080019117e-01,1.325183730146316241e-01,6.584243994017185964e-02,6.827817554986373438e-02
2.934590398376439868e-01,4.298527230210456573e-01,1.422821581843206618e-01,6.900582312731154411e-02,6.540025582967810835e-02
2.690699603964114561e-01,4.480410917147682470e-01,1.497400507864671271e-01,7.065345672852074710e-02,6.249544037383224920e-02
2.999593947349497580e-01,4.265524132926931111e-01,1.483131982920554426e-01,6.835352214577168628e-02,5.682147153452989791e-02
2.802337223685377743e-01,4.322859278278659012e-01,1.592124567863676121e-01,7.208282129552016915e-02,5.618507172170860570e-02
2.802337223685377743e-01,4.322859278278659012e-01,1.592124567863676121e-01,7.208282129552016915e-02,5.618507172170860570e-02
2.565115653130040640e-01,4.427046863427373524e-01,1.694928090459427994e-01,7.616692709050217058e-02,5.512401220781355110e-02
3.121014042517816223e-01,4.060443293398790510e-01,1.610480873644337674e-01,7.252718673987243458e-02,4.827899230403313868e-02
3.923773333506559990e-01,3.530896463901729843e-01,1.466795738557779005e-01,6.700329332779933478e-02,4.085015307559385078e-02
3.923773333506559990e-01,3.530896463901729843e-01,1.466795738557779005e-01,6.700329332779933478e-02,4.085015307559385078e-02
4.210332256024201802e-01,3.300930884531174669e-01,1.442378004507472722e-01,6.710433654872363651e-02,3.753154894499161065e-02
4.049466035602968250e-01,3.368130220253992557e-01,1.500972724028198924e-01,7.128355567235790391e-02,3.685954633912629647e-02
4.039670367298544562e-01,3.365651098926899509e-01,1.509432118760005159e-01,7.315208579259248334e-02,3.537255570886250339e-02
4.039670367298544562e-01,3.365651098926899509e-01,1.509432118760005159e-01,7.315208579259248334e-02,3.537255570886250339e-02
4.414979925148498352e-01,3.151776418325688001e-01,1.413538916829870373e-01,6.994169415276911550e-02,3.202877981682532987e-02
4.798675223849884763e-01,2.942739095964705953e-01,1.308139472466166020e-01,6.600767088624386048e-02,2.903694988568046240e-02
4.862441892867817583e-01,2.927161929698381404e-01,1.275384769094307091e-01,6.550513409221639383e-02,2.799600674173304687e-02
4.862441892867817583e-01,2.927161929698381404e-01,1.275384769094307091e-01,6.550513409221639383e-02,2.799600674173304687e-02
4.640654721417321049e-01,3.091634184199250068e-01,1.303181961491192697e-01,6.807691288494277515e-02,2.837600040428097867e-02
4.371291940068488535e-01,3.301645821069334463e-01,1.329671361638349314e-01,7.073280623417603497e-02,2.900628148820658461e-02
4.566232014351929713e-01,3.237905170696021573e-01,1.246002537646671987e-01,6.775717278129314569e-02,2.722885494924451311e-02
4.832620067133937547e-01,3.104169290613558729e-01,1.158518958776531688e-01,6.463998561867038972e-02,2.582918272892672021e-02
4.832620067133937547e-01,3.104169290613558729e-01,1.158518958776531688e-01,6.463998561867038972e-02,2.582918272892672021e-02
4.683172984175890674e-01,3.230088028764912522e-01,1.154970034499741421e-01,6.630214193053129978e-02,2.687475332541434600e-02
4.623351982312593478e-01,3.326121832744297069e-01,1.113343074979886438e-01,6.591116982242188616e-02,2.780714117390059581e-02
4.623351982312593478e-01,3.326121832744297069e-01,1.113343074979886438e-01,6.591116982242188616e-02,2.780714117390059581e-02
4.834752554705302185e-01,3.217708625655727461e-01,1.033753986013141585e-01,6.279875303734422376e-02,2.857973032523871554e-02
4.952081390941786010e-01,3.129565003729461448e-01,9.915115100322371977e-02,6.183880879784942747e-02,3.084540073180212089e-02
4.952081390941786010e-01,3.129565003729461448e-01,9.915115100322371977e-02,6.183880879784942747e-02,3.084540073180212089e-02
4.709394929978118483e-01,3.273459979381172502e-01,1.012640852711038514e-01,6.465180307670477522e-02,3.579862071626239289e-02
4.804951057639960665e-01,3.204230279567305550e-01,9.635379949955003021e-02,6.391850790049065367e-02,3.880955887923286107e-02
4.804951057639960665e-01,3.204230279567305550e-01,9.635379949955003021e-02,6.391850790049065367e-02,3.880955887923286107e-02
5.271898352756602124e-01,2.861439780243119069e-01,8.670098983058202591e-02,6.060129611913293857e-02,3.936390075031282604e-02
4.781208224067021173e-01,2.970756982120596468e-01,9.612561087199276988e-02,7.730333314437860814e-02,5.137453536486680933e-02
4.538009276317731544e-01,3.091976502740837462e-01,9.879086347854861005e-02,8.446884704968658786e-02,5.374171156590806103e-02
4.538009276317731544e-01,3.091976502740837462e-01,9.879086347854861005e-02,8.446884704968658786e-02,5.374171156590806103e-02
5.711355116034773083e-01,2.355309278887763036e-01,7.863829430198607251e-02,7.354547919105025588e-02,4.114978701470998340e-02
5.338977303076651859e-01,2.607953828600250712e-01,8.273935583239827585e-02,8.058250941950988178e-02,4.198502158040168936e-02
4.493568051362535343e-01,3.169935351048566163e-01,9.261499445749747650e-02,9.484108721330164471e-02,4.619357808809065186e-02
4.493568051362535343e-01,3.169935351048566163e-01,9.261499445749747650e-02,9.484108721330164471e-02,4.619357808809065186e-02
4.310113545097445931e-01,3.350264858383338873e-01,9.016093569421565479e-02,9.818750455744239269e-02,4.561371940026334726e-02
4.304070055058255573e-01,3.403857240348153179e-01,8.595720388837564674e-02,9.903044939271707370e-02,4.421961717826639743e-02
4.269804315299292607e-01,3.410193376768357321e-01,8.574681632560703093e-02,1.018138445642142870e-01,4.443956990341384888e-02
3.437528116177858695e-01,3.802352078974485239e-01,1.031081117595191582e-01,1.215714926573964322e-01,5.133237606785002322e-02
3.437528116177858695e-01,3.802352078974485239e-01,1.031081117595191582e-01,1.215714926573964322e-01,5.133237606785002322e-02
2.761147651461105523e-01,3.999709027055382560e-01,1.243196707128559203e-01,1.420881196891581322e-01,5.750654174633706289e-02
2.382085415794988337e-01,3.946429793984398415e-01,1.457953905903908443e-01,1.601165431045546705e-01,6.123654532711572673e-02
2.194064508982052908e-01,3.793280775840434105e-01,1.638829649143227762e-01,1.745378118017542612e-01,6.284469480167437228e-02
2.194064508982052908e-01,3.793280775840434105e-01,1.638829649143227762e-01,1.745378118017542612e-01,6.284469480167437228e-02
2.218813897728177664e-01,3.591647130568828561e-01,1.749521751355547217e-01,1.821704168854998696e-01,6.183130514924473770e-02
2.347494542583493937e-01,3.398100982036063034e-01,1.801011467068215910e-01,1.856301170427155089e-01,5.970918378850713359e-02
2.376662366809605131e-01,3.298531385167775554e-01,1.841364106240852005e-01,1.898554758462882019e-01,5.848873833188850124e-02
2.376662366809605131e-01,3.298531385167775554e-01,1.841364106240852005e-01,1.898554758462882019e-01,5.848873833188850124e-02
2.475418137592996226e-01,3.230521133938334954e-01,1.827150322919181558e-01,1.898751877287640499e-01,5.681585282618457217e-02
2.678198312578434215e-01,3.170618340898071486e-01,1.755288825335225567e-01,1.849542229581705999e-01,5.463522916065631507e-02
2.823784352744005965e-01,3.180634916775155197e-01,1.668823107358364810e-01,1.790113916363502422e-01,5.366437067589713283e-02
2.823784352744005965e-01,3.180634916775155197e-01,1.668823107358364810e-01,1.790113916363502422e-01,5.366437067589713283e-02
2.940673995811596275e-01,3.240793893160403560e-01,1.568158571535310797e-01,1.714440207379638592e-01,5.359333321130511224e-02
3.340064297133641946e-01,3.178911642633251433e-01,1.393066806460345752e-01,1.555767777184789424e-01,5.321894765879725542e-02
3.573156403570245110e-01,3.205116651375460313e-01,1.250776315106453818e-01,1.416136690071155280e-01,5.548139398766849251e-02
3.592503861263125486e-01,3.335489611069556992e-01,1.148440928230315544e-01,1.300878079439663215e-01,6.226875199973379293e-02
4.066776391999003537e-01,3.194247098535077933e-01,9.968021196564896824e-02,1.086267483129395583e-01,6.559069066800338188e-02
4.066776391999003537e-01,3.194247098535077933e-01,9.968021196564896824e-02,1.086267483129395583e-01,6.559069066800338188e-02
5.650182180608093185e-01,2.375377944278212194e-01,7.551669588044024328e-02,6.670706871834128360e-02,5.522022291258790738e-02
5.394187321267358559e-01,2.546427265202622636e-01,8.511575732493117941e-02,6.774014712012320361e-02,5.308263690794727541e-02
5.394187321267358559e-01,2.546427265202622636e-01,8.511575732493117941e-02,6.774014712012320361e-02,5.308263690794727541e-02
4.743186296752811004e-01,3.014257915496916795e-01,1.001862735533236015e-01,7.432601178708837797e-02,4.974329343461519892e-02
4.323836171700279341e-01,3.375685732710442810e-01,1.093914893949654715e-01,7.794139989298558280e-02,4.271492027097670979e-02
4.323836171700279341e-01,3.375685732710442810e-01,1.093914893949654715e-01,7.794139989298558280e-02,4.271492027097670979e-02
4.239549694097147770e-01,3.492418273709834708e-01,1.120304613236956931e-01,7.828033238090052748e-02,3.649240951470565653e-02
4.381442242352477923e-01,3.424520633177438600e-01,1.106731287697297061e-01,7.676709615851408375e-02,3.196348751876450928e-02
4.513864012267297388e-01,3.328979251951027507e-01,1.090492773963855216e-01,7.563103381713538742e-02,3.103536236464668127e-02
4.513864012267297388e-01,3.328979251951027507e-01,1.090492773963855216e-01,7.563103381713538742e-02,3.103536236464668127e-02
4.600319106598348973e-01,3.248069980739635709e-01,1.076707541010925445e-01,7.503437357593893686e-02,3.245596358916993246e-02
4.663823230930850827e-01,3.161671396726982164e-01,1.061475730222389696e-01,7.403088330892668156e-02,3.727208090305104277e-02
4.663823230930850827e-01,3.161671396726982164e-01,1.061475730222389696e-01,7.403088330892668156e-02,3.727208090305104277e-02
4.747035957594109012e-01,3.052998968031047089e-01,1.023883633054082504e-01,7.147914948662534296e-02,4.612899464545075490e-02
4.921719034633580403e-01,2.890400474281211718e-01,9.270531708747754840e-02,6.510179606969819510e-02,6.098093595134501665e-02
5.093006340353506411e-01,2.690968797328584516e-01,7.913713684278973759e-02,5.506649611123951016e-02,8.739885327776175661e-02
5.093006340353506411e-01,2.690968797328584516e-01,7.913713684278973759e-02,5.506649611123951016e-02,8.739885327776175661e-02
4.999308917115987128e-01,2.566421778455991176e-01,6.336623411130014316e-02,4.377886024723610242e-02,1.362818360842658894e-01
4.033348288455919639e-01,2.847708723446056300e-01,5.291459470481865018e-02,3.472177598326352255e-02,2.242579281217200460e-01
2.544267218218874693e-01,3.669682939148273815e-01,4.979454062050870516e-02,3.060637501046914455e-02,2.982040686323071954e-01
2.544267218218874693e-01,3.669682939148273815e-01,4.979454062050870516e-02,3.060637501046914455e-02,2.982040686323071954e-01
1.650083997873788288e-01,4.463689807951847222e-01,5.359508855261916477e-02,3.338623725381154733e-02,3.016412936110057230e-01
1.823381713762622092e-01,4.616466743667856365e-01,5.614752822173778302e-02,3.713027922475347492e-02,2.627373468104609033e-01
1.917506412217415135e-01,4.656254876271457288e-01,6.294525733257354261e-02,4.426130965576669657e-02,2.354173041627725393e-01
2.386708210599932101e-01,4.312512218835590772e-01,6.886130186439616552e-02,5.161912355619997783e-02,2.095975316358515972e-01
2.439109732164778388e-01,4.146016373807699940e-01,7.925046507215478819e-02,6.364403485299670316e-02,1.985928894776006481e-01
1.961510668147901093e-01,4.017788248489541081e-01,1.005062150978057733e-01,9.280712391283518770e-02,2.087567693256148493e-01
1.961510668147901093e-01,4.017788248489541081e-01,1.005062150978057733e-01,9.280712391283518770e-02,2.087567693256148493e-01
3.211222828244520988e-01,2.948422789410434786e-01,9.086474552085380130e-02,1.268479676734551587e-01,1.663227250401954349e-01
3.264571465770977898e-01,2.375531072554095957e-01,8.634252141635015421e-02,2.069195057744706023e-01,1.427277189766718857e-01
2.480884586765818023e-01,2.143796087426551589e-01,8.191561257616085390e-02,3.242283006599339656e-01,1.313880193446682609e-01
1.714956638680424639e-01,2.013697164187027155e-01,7.382779349446312589e-02,4.342768661028150734e-01,1.190299601159766907e-01
1.765350270920854059e-01,1.796054439951763337e-01,6.091104925723753866e-02,4.801292775879754671e-01,1.028192020675252755e-01
1.692956827780219276e-01,1.660933341040647104e-01,5.343542789935933762e-02,5.158358087450820584e-01,9.533974647347202847e-02
1.692956827780219276e-01,1.660933341040647104e-01,5.343542789935933762e-02,5.158358087450820584e-01,9.533974647347202847e-02
1.749111449720250622e-01,1.534896535761361702e-01,4.829343929691080894e-02,5.310549612636241701e-01,9.225080089130383021e-02
1.661894869461758295e-01,1.433404403056445786e-01,4.675655110605731607e-02,5.490765077519413895e-01,9.463701389018092103e-02
1.548958320163353886e-01,1.335600261999711769e-01,4.742590822707370979e-02,5.632954037346670217e-01,1.008228298219527447e-01
1.410491776567573685e-01,1.241731036066325011e-01,4.998323854996575277e-02,5.741780000528492467e-01,1.106164801337950893e-01
1.410491776567573685e-01,1.241731036066325011e-01,4.998323854996575277e-02,5.741780000528492467e-01,1.106164801337950893e-01
1.350848989014536983e-01,1.137965464033062479e-01,5.371524677356064731e-02,5.748627909049077722e-01,1.225405170167716551e-01
1.338098797129243789e-01,1.037955105636013536e-01,5.847486096198419719e-02,5.670867974798271538e-01,1.368329512816629234e-01
1.244892009784797776e-01,9.806526953997135587e-02,6.461465080225091417e-02,5.581533849453411689e-01,1.546774937339567002e-01
1.103159860168413942e-01,9.746005544262238696e-02,7.139763258403906965e-02,5.456294181773234664e-01,1.751969077791736273e-01
